{"transition_matrix": [[0.38095238095238093, 0.20634920634920634, 0.031746031746031744, 0.19047619047619047, 0.19047619047619047], [0.15555555555555556, 0.4222222222222222, 0.1111111111111111, 0.2222222222222222, 0.08888888888888889], [0.17857142857142858, 0.05357142857142857, 0.44642857142857145, 0.10714285714285714, 0.21428571428571427], [0.09090909090909091, 0.3181818181818182, 0.11363636363636363, 0.45454545454545453, 0.022727272727272728], [0.22448979591836735, 0.061224489795918366, 0.30612244897959184, 0.061224489795918366, 0.3469387755102041]], "reference_matrix": [[0.000774529125140032, 0.00022010173964043446, 0.0007199643200912071, 0.000961431931600946, 1.852405797003029e-05, 0.00022010173964043446, 6.25473906923603e-05, 0.0002045957914138701, 0.00027321482668966467, 5.264072391941083e-06, 0.0007199643200912071, 0.0002045957914138701, 0.0006692435511843131, 0.0008937000100853593, 1.721905654524192e-05, 0.000961431931600946, 0.00027321482668966467, 0.0008937000100853593, 0.0011934365398264487, 2.299412669858504e-05, 1.852405797003029e-05, 5.264072391941083e-06, 1.721905654524192e-05, 2.299412669858504e-05, 4.430314013240034e-07], [0.0008979206746273314, 0.0008918731261366089, 0.00010772235178538267, 0.0008528488805619654, 0.00021954579616738275, 0.0002551665213478663, 0.00025344795983718425, 3.061198895759398e-05, 0.00024235824860446376, 6.238940550937792e-05, 0.0008346630578766489, 0.0008290415531507233, 0.00010013341944728933, 0.0007927665267892023, 0.00020407901360449795, 0.0011145992844043152, 0.0011070923927482595, 0.000133716997065659, 0.0010586511468553877, 0.0002725247276477979, 2.14751570849943e-05, 2.133052064049848e-05, 2.576346097739906e-06, 2.039719565142115e-05, 5.250776146792125e-06], [0.0008369000315437415, 0.0008227930865084632, 0.0003722811050889376, 0.0003656194152044329, 0.00012136673870419062, 0.00023782598596871192, 0.00023381714622015454, 0.00010579294723167985, 0.00010389986214948947, 3.448938129789346e-05, 0.0007779412582913045, 0.0007648281334762087, 0.00034605427221307076, 0.00033986189174256396, 0.00011281657290428151, 0.001038853656715, 0.0010213425432216193, 0.00046211682730391954, 0.0004538475948561045, 0.00015065393183681883, 2.0015754341883013e-05, 1.967836500540547e-05, 8.903676502245953e-06, 8.744351919614387e-06, 2.9026726438253427e-06], [0.0008339329492737719, 0.0006705640645190895, 0.0009439200661981529, 0.0006797879807755588, 0.00031093922289063204, 0.00023698281565002506, 0.0001905574785381092, 0.00026823839402316285, 0.00019317868405311102, 8.83611237579988e-05, 0.0007751832040105605, 0.000623323494389959, 0.0008774218381496414, 0.000631897594937781, 0.0002890338644885281, 0.001035170583289556, 0.0008323789033707544, 0.0011716988594298603, 0.0008438286569507498, 0.00038597244179834937, 1.9944791995617693e-05, 1.603757328237976e-05, 2.2575303442808752e-05, 1.625817745838754e-05, 7.436590830513801e-06], [0.000749795576619333, 0.0009265169180129151, 0.024069002923486717, 0.0006944372883567137, 0.02523645717030707, 0.00021307308586850213, 0.00026329285606150314, 0.0068398065907622745, 0.00019734164962597706, 0.007171567789063651, 0.0006969732254168418, 0.0008612447244118384, 0.02237336565225795, 0.00064551487339786, 0.023458573910756488, 0.0009307298927004696, 0.0011500961309686864, 0.029877130789953056, 0.0008620130113245376, 0.03132630520463151, 1.7932517030211986e-05, 2.2159080326878686e-05, 0.0005756473074590803, 1.660853823120555e-05, 0.0006035687754110421], [0.0006869096710963301, 0.0004157702265656034, 0.00012501884726516988, 0.0009742229973335702, 0.0003372226680281753, 0.0001952024897150334, 0.00011815146414441407, 3.55272188969404e-05, 0.000276849726563955, 9.583021925194976e-05, 0.0006385175692722092, 0.0003864796284185598, 0.00011621139405646133, 0.0009055899579834009, 0.00031346566710755113, 0.0008526688932428646, 0.000516100375123867, 0.0001551873362940932, 0.00120931423717234, 0.0004185983852361085, 1.6428503660546455e-05, 9.943785881158978e-06, 2.990018449813197e-06, 2.330004475310205e-05, 8.065199937100899e-06], [0.0001812458894774887, 0.0007778959529498848, 0.00022928666154240667, 0.0003404927652469327, 0.0005880719440826413, 5.1505533209562335e-05, 0.0002210585076094691, 6.515751499042347e-05, 9.675949881456366e-05, 0.00016711528814738913, 0.00016847729717509851, 0.0007230939582368955, 0.00021313364472061143, 0.0003165053892358948, 0.0005466428616349653, 0.00022498261196255052, 0.000965611213773207, 0.00028461617612790616, 0.0004226575946105582, 0.0007299804833258875, 4.3347748387172615e-06, 1.8604580847092595e-05, 5.483743957850981e-06, 8.14340935296624e-06, 1.4064647059935622e-05], [0.02226786139495596, 0.0007979792454688453, 0.0005901141920806248, 0.0220026086785296, 0.0002754246415041181, 0.006327967370130544, 0.00022676567532938118, 0.00016769564377578733, 0.0062525892049527815, 7.826877100837141e-05, 0.020699112749576937, 0.0007417624028108708, 0.0005485412352965885, 0.02045254682269882, 0.00025602124997045877, 0.02764135304750996, 0.0009905408362918182, 0.0007325155493082732, 0.02731209179284754, 0.000341887782520673, 0.0005325702313314389, 1.908490374622572e-05, 1.411349056894761e-05, 0.0005262263037291017, 6.587204870668583e-06], [0.0002985625031763711, 0.022146724832988202, 0.0006514563918154414, 0.00037031595225284344, 0.00011027062668882727, 8.484397062362393e-05, 0.006293543399284587, 0.00018512755748537586, 0.00010523450011349633, 3.133614473318062e-05, 0.00027752907234475133, 0.02058651013768738, 0.0006055619381875114, 0.0003442275624360072, 0.00010250217092313897, 0.0003706090769415223, 0.027490984836709496, 0.0008086603289755751, 0.00045967746043471956, 0.0001368802000791364, 7.1405824997433655e-06, 0.0005296730637190845, 1.558058383505491e-05, 8.856676842873306e-06, 2.6372920202401694e-06], [0.00030270555110358915, 0.0001601441742238991, 2.1596507659909263e-05, 0.0005885974771513852, 0.0006125405006708742, 8.602132086985195e-05, 4.550895530699159e-05, 6.137185487046203e-06, 0.00016726463145665227, 0.0001740686378624005, 0.0002813802466740389, 0.0001488621767332918, 2.0075055216161135e-05, 0.0005471313714227093, 0.0005693876327944428, 0.0003757518900935266, 0.00019878880956333947, 2.6807993917010177e-05, 0.0007306328335823241, 0.0007603535846858378, 7.239669877461442e-06, 3.830094789979398e-06, 5.165137718611084e-07, 1.4077215993387698e-05, 1.4649850309202e-05], [0.0008979206746273314, 0.0002551665213478663, 0.0008346630578766489, 0.0011145992844043152, 2.14751570849943e-05, 0.0008918731261366089, 0.00025344795983718425, 0.0008290415531507233, 0.0011070923927482595, 2.133052064049848e-05, 0.00010772235178538267, 3.061198895759398e-05, 0.00010013341944728933, 0.000133716997065659, 2.576346097739906e-06, 0.0008528488805619654, 0.00024235824860446376, 0.0007927665267892023, 0.0010586511468553877, 2.039719565142115e-05, 0.00021954579616738275, 6.238940550937792e-05, 0.00020407901360449795, 0.0002725247276477979, 5.250776146792125e-06], [0.001040969941288435, 0.0010339589475835188, 0.00012488378247891687, 0.0009887176832128971, 0.00025452200957655366, 0.0010339589475835188, 0.0010269951733330562, 0.00012404268286779637, 0.000982058611535606, 0.00025280778889051234, 0.00012488378247891687, 0.00012404268286779637, 1.4982141661975278e-05, 0.00011861514841686029, 3.053466773566313e-05, 0.0009887176832128971, 0.000982058611535606, 0.00011861514841686029, 0.0009390882659761763, 0.0002417460885794135, 0.00025452200957655366, 0.00025280778889051234, 3.053466773566313e-05, 0.0002417460885794135, 6.223181937290678e-05], [0.0009702279959885672, 0.0009538736495968577, 0.0004315898397907644, 0.0004238668647842777, 0.0001407018798355493, 0.0009636934534408831, 0.0009474492545328353, 0.00042868305686662574, 0.00042101209655048317, 0.00013975424440951966, 0.00011639696517655611, 0.00011443495594232291, 5.177726035569169e-05, 5.0850745292628064e-05, 1.687981781107809e-05, 0.0009215266823120567, 0.0009059932544641225, 0.0004099258677613564, 0.000402590553211857, 0.00013363924464765837, 0.0002372252737488204, 0.0002332265597189255, 0.0001055257303591352, 0.00010363742692154743, 3.440226637343408e-05], [0.0009667882228063203, 0.0007773927637452838, 0.0010942975740023775, 0.0007880861577557642, 0.0003604754782275959, 0.0009602768473330834, 0.0007721569778145973, 0.001086927415558475, 0.0007827783511882483, 0.00035804765470609994, 0.00011598430015249515, 9.32627782585989e-05, 0.00013128142780931, 9.45456505477961e-05, 4.324576476842286e-05, 0.0009182595710952626, 0.0007383709575373186, 0.0010393684958606639, 0.0007485275887063594, 0.0003423811443076962, 0.00023638423314994455, 0.00019007615936903987, 0.00026756086469230584, 0.00019269074411811782, 8.813793701669897e-05], [0.0008692467825130504, 0.001074121900742443, 0.02790347663008415, 0.0008050692713910529, 0.029256919994414644, 0.0008633923543701256, 0.001066887626643138, 0.027715545075829413, 0.0007996470825555539, 0.029059872919594984, 0.00010428238299897215, 0.00012886097906163456, 0.003347543063120418, 9.658309215386113e-05, 0.0035099138675063527, 0.0008256142957238686, 0.001020205555480145, 0.026502840930387316, 0.0007646582223598545, 0.027788347201475626, 0.00021253489570442123, 0.0002626278184063367, 0.0068225302810098745, 0.0001968431946739624, 0.007153453501051248], [0.0007963424166487499, 0.0004820072870213223, 0.00014493581200988021, 0.0011294281165283027, 0.00039094618361929623, 0.0007909790036925873, 0.00047876093962838265, 0.00014395966080193995, 0.0011218213518167928, 0.0003883131381070277, 9.553614297105e-05, 5.782577459548823e-05, 1.7387757035562498e-05, 0.00013549599237756618, 4.690129485933629e-05, 0.0007563694185622485, 0.0004578125738439612, 0.00013766065145706506, 0.0010727356347554273, 0.0003713223500484266, 0.00019470943795516182, 0.00011785303154033791, 3.5437482552767486e-05, 0.0002761504463185975, 9.558816671296816e-05], [0.00021012047974778718, 0.0009018238774898843, 0.0002658147087470518, 0.00039473724557611124, 0.0006817586835932395, 0.00020870530597344903, 0.0008957500406985943, 0.00026402443106872316, 0.0003920786670388629, 0.0006771669988102685, 2.520787512337734e-05, 0.00010819061385321416, 3.188943786962377e-05, 4.73561035315185e-05, 8.178968457013285e-05, 0.00019957332646385287, 0.0008565561592626324, 0.00025247194234158415, 0.00037492311683927105, 0.0006475373009505658, 5.13754380769174e-05, 0.00022050014748624245, 6.499293703098358e-05, 9.651509905693527e-05, 0.00016669318038102404], [0.02581539218767504, 0.000925106673426193, 0.0006841262855859652, 0.025507881610797475, 0.0003193030086036546, 0.02564152400480156, 0.0009188760256365564, 0.0006795186548644918, 0.025336084529723548, 0.00031715248408369556, 0.0030970383434734024, 0.00011098381998519153, 8.20737226393688e-05, 0.003060146707634992, 3.830635822391496e-05, 0.024519569434866214, 0.0008786702579928736, 0.0006497860594057049, 0.024227494579412145, 0.0003032753573256519, 0.006311983888296846, 0.0002261928997696901, 0.0001672720701194925, 0.006236796116884302, 7.807107601306167e-05], [0.0003461270022894014, 0.025674957154422473, 0.0007552410152729253, 0.0004293116151210176, 0.00012783802738226143, 0.00034379581659623056, 0.025502034809747613, 0.0007501544226694738, 0.0004264201761738608, 0.0001269770307581739, 4.152439715068783e-05, 0.0030801905388927763, 9.06052623899604e-05, 5.150394476528894e-05, 1.5336558502717185e-05, 0.0003287529007585227, 0.024386183642239437, 0.00071733113250491, 0.0004077620002681966, 0.00012142110280672776, 8.462966767548255e-05, 0.0062776468671585095, 0.00018465995346991407, 0.00010496869379332126, 3.125699440404885e-05], [0.0003509300862136482, 0.00018565701442248858, 2.5037083949650136e-05, 0.0006823679402271204, 0.0007101253674605387, 0.000348566551468097, 0.00018440660352418874, 2.4868457718480393e-05, 0.0006777721520649303, 0.0007053426313953599, 4.210061675533962e-05, 2.2273025651562856e-05, 3.0036657369803207e-06, 8.186277628000994e-05, 8.519279799082135e-05, 0.0003333148903237358, 0.00017633782292006097, 2.3780328955959558e-05, 0.0006481159754959491, 0.000674480098087431, 8.580404411429789e-05, 4.539400661685559e-05, 6.121683891193282e-06, 0.00016684214647183284, 0.00017362896699364369], [0.0008369000315437415, 0.00023782598596871192, 0.0007779412582913045, 0.001038853656715, 2.0015754341883013e-05, 0.0008227930865084632, 0.00023381714622015454, 0.0007648281334762087, 0.0010213425432216193, 1.967836500540547e-05, 0.0003722811050889376, 0.00010579294723167985, 0.00034605427221307076, 0.00046211682730391954, 8.903676502245953e-06, 0.0003656194152044329, 0.00010389986214948947, 0.00033986189174256396, 0.0004538475948561045, 8.744351919614387e-06, 0.00012136673870419062, 3.448938129789346e-05, 0.00011281657290428151, 0.00015065393183681883, 2.9026726438253427e-06], [0.0009702279959885672, 0.0009636934534408831, 0.00011639696517655611, 0.0009215266823120567, 0.0002372252737488204, 0.0009538736495968577, 0.0009474492545328353, 0.00011443495594232291, 0.0009059932544641225, 0.0002332265597189255, 0.0004315898397907644, 0.00042868305686662574, 5.177726035569169e-05, 0.0004099258677613564, 0.0001055257303591352, 0.0004238668647842777, 0.00042101209655048317, 5.0850745292628064e-05, 0.000402590553211857, 0.00010363742692154743, 0.0001407018798355493, 0.00013975424440951966, 1.687981781107809e-05, 0.00013363924464765837, 3.440226637343408e-05], [0.0009042935121016727, 0.0008890505698264217, 0.0004022599776809446, 0.00039506183845865444, 0.00013114010067927963, 0.0008890505698264217, 0.0008740645654657938, 0.0003954794075039189, 0.00038840260147620135, 0.00012892957836780237, 0.0004022599776809446, 0.0003954794075039189, 0.00017893868249458462, 0.00017573670959070603, 5.8335499775644436e-05, 0.00039506183845865444, 0.00038840260147620135, 0.00017573670959070603, 0.00017259203357945142, 5.729162995939337e-05, 0.00013114010067927963, 0.00012892957836780237, 5.8335499775644436e-05, 5.729162995939337e-05, 1.9017858445320794e-05], [0.0009010874980671696, 0.0007245629228554363, 0.0010199316042933592, 0.0007345296181744797, 0.0003359783860914316, 0.0008858985969701506, 0.0007123495533464545, 0.0010027394444902709, 0.0007221482481663347, 0.00033031507094387374, 0.0004008338354862862, 0.00032230980458864295, 0.0004536996659697452, 0.0003267433237756527, 0.00014945441527752952, 0.00039366121600405845, 0.00031654231347627, 0.0004455810522821885, 0.000320896498177814, 0.00014678004112090662, 0.00013067516645423274, 0.00010507567883673116, 0.00014790986718698465, 0.00010652104299127584, 4.8723383269323275e-05], [0.0008101747518024288, 0.0010011270238167338, 0.02600721993798567, 0.0007503585981041189, 0.02726868637517509, 0.0007965182931312957, 0.0009842518375746405, 0.025568837325538152, 0.0007377104118199367, 0.026809040246151456, 0.00036039280744178077, 0.0004453347600828871, 0.011568880647483064, 0.00033378458308803055, 0.012130023079755676, 0.0003539438496865663, 0.0004373658300837304, 0.011361864244740926, 0.00032781175945995544, 0.01191296545597455, 0.00011749105472652696, 0.0001451828382478906, 0.0037715513773056305, 0.00010881655213055824, 0.003954488480538936], [0.0007422248005254606, 0.00044925117007677727, 0.00013508630447030184, 0.0010526747551961911, 0.0003643783717739729, 0.0007297137190698665, 0.0004416785074833522, 0.00013280926420222318, 0.0010349306706557888, 0.0003582363411025462, 0.0003301663980754585, 0.00019984193542229483, 6.009090311278856e-05, 0.0004682649138401691, 0.0001620876780997378, 0.000324258319142102, 0.0001962659145565985, 5.9015621676408435e-05, 0.00045988566601599533, 0.00015918724122330295, 0.00010763699370279613, 6.515013420501988e-05, 1.9590134543213912e-05, 0.00015265825921732741, 5.284193209429795e-05], [0.00019584117071576844, 0.0008405379816334282, 0.0002477505468147584, 0.0003679118017983563, 0.0006354279168827534, 0.00019254003494470652, 0.0008263697146241723, 0.0002435744167936744, 0.0003617102109629181, 0.0006247170238734515, 8.711669818137286e-05, 0.00037389938687720423, 0.00011020772359687282, 0.00016365946586966468, 0.0002826595748420748, 8.555781050452541e-05, 0.00036720873905937495, 0.00010823563941789152, 0.00016073090303533302, 0.00027760159471699173, 2.8400768667603004e-05, 0.0001218943120359056, 3.59286351365319e-05, 5.335434798907076e-05, 9.214937393586002e-05], [0.024061036956461765, 0.0008622385318090998, 0.0006376346220387713, 0.023774424097708198, 0.0002976039036892849, 0.023655459572015383, 0.0008477044762265075, 0.0006268865323904783, 0.02337367791375464, 0.0002925874360666408, 0.010703153411542416, 0.0003835525168759389, 0.00028364119104846026, 0.010575658432730362, 0.0001323841629446014, 0.010511628545414872, 0.00037668913356982587, 0.00027856564564095166, 0.010386414993188983, 0.0001300152480920843, 0.003489317093058493, 0.0001250413127571862, 9.246938898900035e-05, 0.0034477526688423284, 4.31583389353914e-05], [0.00032260499988416623, 0.02393014556807971, 0.0007039165567352217, 0.00040013657596868734, 0.00011915044632768692, 0.000317167109060961, 0.023526774513603337, 0.0006920512062739855, 0.00039339179825206746, 0.00011714202389499438, 0.000143505486124261, 0.010644928547309095, 0.00031312561089094854, 0.00017799412244417012, 5.300210079917178e-05, 0.00014093756357268125, 0.010454445571258129, 0.00030752246400506713, 0.0001748090517307254, 5.2053668139214505e-05, 4.678398285322642e-05, 0.0034703353027207744, 0.00010208155525248302, 5.802756533776399e-05, 1.7279125989833653e-05], [0.0003270816771690251, 0.0001730401867525594, 2.3335620772872785e-05, 0.000635995769824022, 0.0006618668655495574, 0.0003215683266277916, 0.00017012338867464577, 2.2942271140659507e-05, 0.0006252753049782658, 0.0006507103126267947, 0.00014549686180106633, 7.697405845499959e-05, 1.0380464048061625e-05, 0.00028291217480925796, 0.0002944205028574695, 0.00014289330508213003, 7.559666567419639e-05, 1.0194713464966854e-05, 0.00027784967459808073, 0.00028915206978669144, 4.74331878978149e-05, 2.5094183700989103e-05, 3.384117674863904e-06, 9.223172362751703e-05, 9.598353435348906e-05], [0.0008339329492737719, 0.00023698281565002506, 0.0007751832040105605, 0.001035170583289556, 1.9944791995617693e-05, 0.0006705640645190895, 0.0001905574785381092, 0.000623323494389959, 0.0008323789033707544, 1.603757328237976e-05, 0.0009439200661981529, 0.00026823839402316285, 0.0008774218381496414, 0.0011716988594298603, 2.2575303442808752e-05, 0.0006797879807755588, 0.00019317868405311102, 0.000631897594937781, 0.0008438286569507498, 1.625817745838754e-05, 0.00031093922289063204, 8.83611237579988e-05, 0.0002890338644885281, 0.00038597244179834937, 7.436590830513801e-06], [0.0009667882228063203, 0.0009602768473330834, 0.00011598430015249515, 0.0009182595710952626, 0.00023638423314994455, 0.0007773927637452838, 0.0007721569778145973, 9.32627782585989e-05, 0.0007383709575373186, 0.00019007615936903987, 0.0010942975740023775, 0.001086927415558475, 0.00013128142780931, 0.0010393684958606639, 0.00026756086469230584, 0.0007880861577557642, 0.0007827783511882483, 9.45456505477961e-05, 0.0007485275887063594, 0.00019269074411811782, 0.0003604754782275959, 0.00035804765470609994, 4.324576476842286e-05, 0.0003423811443076962, 8.813793701669897e-05], [0.0009010874980671696, 0.0008858985969701506, 0.0004008338354862862, 0.00039366121600405845, 0.00013067516645423274, 0.0007245629228554363, 0.0007123495533464545, 0.00032230980458864295, 0.00031654231347627, 0.00010507567883673116, 0.0010199316042933592, 0.0010027394444902709, 0.0004536996659697452, 0.0004455810522821885, 0.00014790986718698465, 0.0007345296181744797, 0.0007221482481663347, 0.0003267433237756527, 0.000320896498177814, 0.00010652104299127584, 0.0003359783860914316, 0.00033031507094387374, 0.00014945441527752952, 0.00014678004112090662, 4.8723383269323275e-05], [0.0008978928503930925, 0.0007219941121004455, 0.001016315615685857, 0.000731925472249389, 0.0003347872336539941, 0.0007219941121004455, 0.0005805542361535668, 0.0008172176560262015, 0.0005885400259385585, 0.00026920184451714773, 0.001016315615685857, 0.0008172176560262015, 0.0011503571169262856, 0.000828458859695384, 0.0003789422015620957, 0.000731925472249389, 0.0005885400259385585, 0.000828458859695384, 0.0005966356639246633, 0.00027290483935581996, 0.0003347872336539941, 0.00026920184451714773, 0.0003789422015620957, 0.00027290483935581996, 0.00012482835983004538], [0.0008073024193241806, 0.000997577703550997, 0.025915015901349592, 0.0007476983333070832, 0.02717201003054657, 0.0006491505007321611, 0.0008021505327848241, 0.02083822015908967, 0.0006012229566575725, 0.02184896699801118, 0.0009137772452257946, 0.0011291478682952595, 0.029332938033483982, 0.0008463119977284578, 0.030755716666557013, 0.0006580798635975762, 0.0008131844812634022, 0.021124859434666066, 0.0006094930541726452, 0.022149509559928143, 0.00030100979595660497, 0.0003719556064852611, 0.009662641238221005, 0.00027878588910246004, 0.010131322536940482], [0.0007395933726810758, 0.00044765842885171236, 0.00013460737967187615, 0.0010489426814902962, 0.000363086532168642, 0.0005947057716190443, 0.0003599613803824971, 0.00010823756478940267, 0.000843453024083321, 0.00029195726226571725, 0.0008371380767587962, 0.0005066999381231419, 0.0001523606985924778, 0.0011872873547119462, 0.00041097388438572077, 0.0006028862222648557, 0.00036491281426315463, 0.00010972642213540083, 0.0008550551072727773, 0.00029597326831211693, 0.0002757638833635039, 0.0001669133760799473, 5.0189543496232506e-05, 0.0003911074895451027, 0.0001353800017769879], [0.0001951468501954442, 0.0008375580016495105, 0.0002468721907063551, 0.0003666074350366358, 0.000633175118657201, 0.00015691724995290407, 0.0006734789629618081, 0.00019850950818162114, 0.00029478841426660045, 0.0005091350347637392, 0.0002208846981226217, 0.0009480232254287106, 0.0002794320752009585, 0.0004149591578673937, 0.0007166843574635163, 0.00015907571869488635, 0.0006827429749832526, 0.0002012400975115062, 0.00029884336410725826, 0.0005161384206777507, 7.276221667721364e-05, 0.0003122908555004618, 9.204846408621958e-05, 0.0001366928013283197, 0.00023608490289345836], [0.023975732770227104, 0.0008591816163308004, 0.0006353740003271432, 0.02369013604709249, 0.0002965488012483381, 0.01927884589549778, 0.0006908664747070962, 0.0005109031517703608, 0.019049198056729378, 0.00023845438613082927, 0.02713788354726874, 0.0009724987708777559, 0.0007191732488465243, 0.026814619574977005, 0.00033566051605117694, 0.019544035262883553, 0.0007003696599272445, 0.0005179308589447315, 0.01931122851276669, 0.00024173443557731428, 0.008939562493963138, 0.0003203534101110477, 0.00023690477523244643, 0.008833075247921448, 0.00011057082453644072], [0.000321461260441841, 0.023845305434304274, 0.0007014209440499474, 0.0003987179619223561, 0.00011872801931916391, 0.00025848645214825795, 0.01917396949676935, 0.0005640113867554345, 0.0003206084342587225, 9.546899816860792e-05, 0.000363858670532983, 0.02699025419689286, 0.0007939311002365025, 0.0004513047306020144, 0.00013438701511064697, 0.0002620420518503645, 0.019437716241189867, 0.0005717696220597053, 0.0003250185503165239, 9.678221802453295e-05, 0.00011985965370270421, 0.008890931516483645, 0.00026153095815681013, 0.00014866549323976116, 4.426878455227606e-05], [0.0003259220664525935, 0.00017242670312159493, 2.325288842247939e-05, 0.0006337409583754676, 0.0006595203326688858, 0.0002620733786657991, 0.00013864801837789616, 1.8697607986307994e-05, 0.0005095900255177052, 0.0005303191764908232, 0.00036890781064506694, 0.0001951679990179086, 2.6319703518321364e-05, 0.0007173248255788353, 0.000746504232281474, 0.00026567831818727046, 0.0001405551854605228, 1.89548021596726e-05, 0.0005165996700382156, 0.0005376139599902332, 0.00012152290439409032, 6.429081033542593e-05, 8.670043631618999e-06, 0.00023629588120104494, 0.00024590794727468167], [0.000749795576619333, 0.00021307308586850213, 0.0006969732254168418, 0.0009307298927004696, 1.7932517030211986e-05, 0.0009265169180129151, 0.00026329285606150314, 0.0008612447244118384, 0.0011500961309686864, 2.2159080326878686e-05, 0.024069002923486717, 0.0068398065907622745, 0.02237336565225795, 0.029877130789953056, 0.0005756473074590803, 0.0006944372883567137, 0.00019734164962597706, 0.00064551487339786, 0.0008620130113245376, 1.660853823120555e-05, 0.02523645717030707, 0.007171567789063651, 0.023458573910756488, 0.03132630520463151, 0.0006035687754110421], [0.0008692467825130504, 0.0008633923543701256, 0.00010428238299897215, 0.0008256142957238686, 0.00021253489570442123, 0.001074121900742443, 0.001066887626643138, 0.00012886097906163456, 0.001020205555480145, 0.0002626278184063367, 0.02790347663008415, 0.027715545075829413, 0.003347543063120418, 0.026502840930387316, 0.0068225302810098745, 0.0008050692713910529, 0.0007996470825555539, 9.658309215386113e-05, 0.0007646582223598545, 0.0001968431946739624, 0.029256919994414644, 0.029059872919594984, 0.0035099138675063527, 0.027788347201475626, 0.007153453501051248], [0.0008101747518024288, 0.0007965182931312957, 0.00036039280744178077, 0.0003539438496865663, 0.00011749105472652696, 0.0010011270238167338, 0.0009842518375746405, 0.0004453347600828871, 0.0004373658300837304, 0.0001451828382478906, 0.02600721993798567, 0.025568837325538152, 0.011568880647483064, 0.011361864244740926, 0.0037715513773056305, 0.0007503585981041189, 0.0007377104118199367, 0.00033378458308803055, 0.00032781175945995544, 0.00010881655213055824, 0.02726868637517509, 0.026809040246151456, 0.012130023079755676, 0.01191296545597455, 0.003954488480538936], [0.0008073024193241806, 0.0006491505007321611, 0.0009137772452257946, 0.0006580798635975762, 0.00030100979595660497, 0.000997577703550997, 0.0008021505327848241, 0.0011291478682952595, 0.0008131844812634022, 0.0003719556064852611, 0.025915015901349592, 0.02083822015908967, 0.029332938033483982, 0.021124859434666066, 0.009662641238221005, 0.0007476983333070832, 0.0006012229566575725, 0.0008463119977284578, 0.0006094930541726452, 0.00027878588910246004, 0.02717201003054657, 0.02184896699801118, 0.030755716666557013, 0.022149509559928143, 0.010131322536940482], [0.0007258518607886769, 0.0008969298432301848, 0.02330039160555174, 0.0006722613651943047, 0.02443056476722994, 0.0008969298432301848, 0.0011083296566916697, 0.028792123736187374, 0.0008307084592140841, 0.030188670458028886, 0.02330039160555174, 0.028792123736187374, 0.7479601256131895, 0.021580096320605154, 0.7842395356026794, 0.0006722613651943047, 0.0008307084592140841, 0.021580096320605154, 0.000622627518846419, 0.022626827470057904, 0.02443056476722994, 0.030188670458028886, 0.7842395356026794, 0.022626827470057904, 0.8222786591706258], [0.0006649741322922512, 0.000402493162168105, 0.00012102653810019707, 0.0009431124929091252, 0.00032645391453495264, 0.000821703678738191, 0.0004973578609448008, 0.0001495516092318808, 0.0011653972196121237, 0.0004033967179853552, 0.02134617065407285, 0.012920333753617055, 0.0038850430573185778, 0.030274621585999466, 0.010479416614796361, 0.0006158783109103805, 0.000372776619166482, 0.00011209100661335416, 0.0008734813896130235, 0.00030235143851506353, 0.022381555362889834, 0.01354702770346396, 0.004073485014418539, 0.03174307608134398, 0.010987715170828591], [0.00017545804515238574, 0.0007530548892999378, 0.00022196469961181708, 0.000329619585586117, 0.0005692926554922993, 0.0002168122249642086, 0.0009305444268884542, 0.0002742801582255968, 0.00040730851458329194, 0.0007034707766513025, 0.005632335443699317, 0.02417362931617863, 0.0071252340910781566, 0.010581037040631383, 0.018274723160070405, 0.0001625037715551267, 0.0006974559621531517, 0.0002055767850809809, 0.00030528338435357045, 0.0005272611099467397, 0.005905528893139933, 0.025346158410796626, 0.007470839799202495, 0.011094264641629952, 0.019161128933941153], [0.021556767115364132, 0.0007724968488155936, 0.0005712696870403007, 0.02129998488857984, 0.0002666293250811152, 0.026637539687953325, 0.0009545687142706169, 0.0007059137800962248, 0.026320235765685106, 0.00032947190971685015, 0.6919884657895744, 0.024797730864670697, 0.018338187362304328, 0.6837455628438981, 0.008559002220044812, 0.019965205674893894, 0.000715462498957846, 0.0005290921749329855, 0.019727381981574327, 0.00024694376878101233, 0.7255530000457243, 0.026000531674554607, 0.019227671433712144, 0.7169102794557256, 0.008974152092355712], [0.00028902831018209343, 0.02143949888698876, 0.0006306530059218851, 0.00035849040912510304, 0.00010674928216208287, 0.0003571501720186185, 0.026492632194600182, 0.000779293313541348, 0.0004429839803768392, 0.00013190930834087542, 0.00927802651771987, 0.6882240673060236, 0.0202444366392227, 0.011507812228205098, 0.0034267323848773848, 0.0002676890104982261, 0.019856595497583215, 0.0005840911536195267, 0.0003320226410739624, 9.886785725370886e-05, 0.009728052283002166, 0.7216060114062657, 0.0212263823228091, 0.012065992569124807, 0.0035929442253993774], [0.0002930390554319746, 0.00015503018486583855, 2.0906852161173256e-05, 0.0005698014063675362, 0.0005929798415523457, 0.0003621062206320414, 0.00019156966719982858, 2.5834444525612636e-05, 0.0007040994363922496, 0.0007327408594700156, 0.00940677446203291, 0.0049765857376603, 0.0006711257060985024, 0.01829105444647064, 0.019035099679093108, 0.00027140363771458684, 0.0001435841241916671, 1.9363274705274523e-05, 0.00052773229914719, 0.0005491994432328677, 0.009863045078206433, 0.005217972394704899, 0.000703678303238721, 0.019178252360743907, 0.019958387113543544], [0.0006869096710963301, 0.0001952024897150334, 0.0006385175692722092, 0.0008526688932428646, 1.6428503660546455e-05, 0.0004157702265656034, 0.00011815146414441407, 0.0003864796284185598, 0.000516100375123867, 9.943785881158978e-06, 0.00012501884726516988, 3.55272188969404e-05, 0.00011621139405646133, 0.0001551873362940932, 2.990018449813197e-06, 0.0009742229973335702, 0.000276849726563955, 0.0009055899579834009, 0.00120931423717234, 2.330004475310205e-05, 0.0003372226680281753, 9.583021925194976e-05, 0.00031346566710755113, 0.0004185983852361085, 8.065199937100899e-06], [0.0007963424166487499, 0.0007909790036925873, 9.553614297105e-05, 0.0007563694185622485, 0.00019470943795516182, 0.0004820072870213223, 0.00047876093962838265, 5.782577459548823e-05, 0.0004578125738439612, 0.00011785303154033791, 0.00014493581200988021, 0.00014395966080193995, 1.7387757035562498e-05, 0.00013766065145706506, 3.5437482552767486e-05, 0.0011294281165283027, 0.0011218213518167928, 0.00013549599237756618, 0.0010727356347554273, 0.0002761504463185975, 0.00039094618361929623, 0.0003883131381070277, 4.690129485933629e-05, 0.0003713223500484266, 9.558816671296816e-05], [0.0007422248005254606, 0.0007297137190698665, 0.0003301663980754585, 0.000324258319142102, 0.00010763699370279613, 0.00044925117007677727, 0.0004416785074833522, 0.00019984193542229483, 0.0001962659145565985, 6.515013420501988e-05, 0.00013508630447030184, 0.00013280926420222318, 6.009090311278856e-05, 5.9015621676408435e-05, 1.9590134543213912e-05, 0.0010526747551961911, 0.0010349306706557888, 0.0004682649138401691, 0.00045988566601599533, 0.00015265825921732741, 0.0003643783717739729, 0.0003582363411025462, 0.0001620876780997378, 0.00015918724122330295, 5.284193209429795e-05], [0.0007395933726810758, 0.0005947057716190443, 0.0008371380767587962, 0.0006028862222648557, 0.0002757638833635039, 0.00044765842885171236, 0.0003599613803824971, 0.0005066999381231419, 0.00036491281426315463, 0.0001669133760799473, 0.00013460737967187615, 0.00010823756478940267, 0.0001523606985924778, 0.00010972642213540083, 5.0189543496232506e-05, 0.0010489426814902962, 0.000843453024083321, 0.0011872873547119462, 0.0008550551072727773, 0.0003911074895451027, 0.000363086532168642, 0.00029195726226571725, 0.00041097388438572077, 0.00029597326831211693, 0.0001353800017769879], [0.0006649741322922512, 0.000821703678738191, 0.02134617065407285, 0.0006158783109103805, 0.022381555362889834, 0.000402493162168105, 0.0004973578609448008, 0.012920333753617055, 0.000372776619166482, 0.01354702770346396, 0.00012102653810019707, 0.0001495516092318808, 0.0038850430573185778, 0.00011209100661335416, 0.004073485014418539, 0.0009431124929091252, 0.0011653972196121237, 0.030274621585999466, 0.0008734813896130235, 0.03174307608134398, 0.00032645391453495264, 0.0004033967179853552, 0.010479416614796361, 0.00030235143851506353, 0.010987715170828591], [0.0006092022635822256, 0.0003687357651401301, 0.00011087595349010793, 0.0008640129556805164, 0.0002990739850352056, 0.0003687357651401301, 0.00022318706383980054, 6.711060018951853e-05, 0.0005229666686240723, 0.00018102243096898747, 0.00011087595349010793, 6.711060018951853e-05, 2.0179631293640614e-05, 0.00015725197691415584, 5.443202567875715e-05, 0.0008640129556805164, 0.0005229666686240723, 0.00015725197691415584, 0.0012254031742989782, 0.00042416749448361343, 0.0002990739850352056, 0.00018102243096898747, 5.443202567875715e-05, 0.00042416749448361343, 0.0001468235656231532], [0.00016074225008134394, 0.0006898956228293729, 0.00020334835728533107, 0.00030197414893102235, 0.0005215456624923608, 9.72934936675436e-05, 0.0004175775527407899, 0.0001230819657049331, 0.00018277783178918065, 0.00031567929144550816, 2.9255390712298046e-05, 0.00012556229607563524, 3.7009782058393594e-05, 5.495986094209883e-05, 9.492228784154128e-05, 0.0002279758216570928, 0.0009784578814379323, 0.00028840276163412924, 0.00042828070831976716, 0.0007396922767860924, 7.891274896562245e-05, 0.0003386885530671979, 9.98292475245838e-05, 0.0001482473350761373, 0.00025604097191336773], [0.019748785230074343, 0.000707706970925852, 0.000523356878952863, 0.01951353951718408, 0.0002442669278230347, 0.01195347402286315, 0.000428358341751509, 0.000316775578060516, 0.011811085339951077, 0.00014784901159038235, 0.0035943159169833064, 0.0001288039948039506, 9.525193263119504e-05, 0.003551500756435815, 4.445703856913335e-05, 0.02800909864878267, 0.0010037191722003826, 0.0007422610697485704, 0.027675456842348293, 0.0003464363199216735, 0.009695216599544936, 0.0003474326290047034, 0.000256930147408906, 0.009579728071313224, 0.00011991728836785855], [0.00026478729359789973, 0.01964135237411303, 0.0005777596752796636, 0.00032842355530237184, 9.779614149011369e-05, 0.00016026950512311675, 0.011888447448419475, 0.0003497043078576894, 0.0001987870337880262, 5.9193698408250016e-05, 4.819178359104978e-05, 0.003574762935891554, 0.00010515334350218078, 5.9773702462362474e-05, 1.7799081000798547e-05, 0.00037553972768075087, 0.027856729911886462, 0.000819418893449368, 0.0004657930931893291, 0.0001387012792207367, 0.0001299912948736479, 0.009642474884228366, 0.00028363796198405464, 0.00016123206910975826, 4.801078969163645e-05], [0.00026846165469891986, 0.00014202768943549218, 1.915337912026944e-05, 0.0005220117440581584, 0.0005432461868660391, 0.00016249350925602807, 8.596601139846612e-05, 1.1593088744290746e-05, 0.0003159613996270693, 0.0003288141071499319, 4.886052419642277e-05, 2.5849305607564682e-05, 3.48595088933179e-06, 9.50071155598562e-05, 9.88718239398131e-05, 0.00038075096175670803, 0.0002014335321343911, 2.716465235644985e-05, 0.0007403533060292949, 0.0007704694674249913, 0.00013179513882274725, 6.972526138534612e-05, 9.402915522187518e-06, 0.00025626978404944694, 0.0002666943504212327], [0.0001812458894774887, 5.1505533209562335e-05, 0.00016847729717509851, 0.00022498261196255052, 4.3347748387172615e-06, 0.0007778959529498848, 0.0002210585076094691, 0.0007230939582368955, 0.000965611213773207, 1.8604580847092595e-05, 0.00022928666154240667, 6.515751499042347e-05, 0.00021313364472061143, 0.00028461617612790616, 5.483743957850981e-06, 0.0003404927652469327, 9.675949881456366e-05, 0.0003165053892358948, 0.0004226575946105582, 8.14340935296624e-06, 0.0005880719440826413, 0.00016711528814738913, 0.0005466428616349653, 0.0007299804833258875, 1.4064647059935622e-05], [0.00021012047974778718, 0.00020870530597344903, 2.520787512337734e-05, 0.00019957332646385287, 5.13754380769174e-05, 0.0009018238774898843, 0.0008957500406985943, 0.00010819061385321416, 0.0008565561592626324, 0.00022050014748624245, 0.0002658147087470518, 0.00026402443106872316, 3.188943786962377e-05, 0.00025247194234158415, 6.499293703098358e-05, 0.00039473724557611124, 0.0003920786670388629, 4.73561035315185e-05, 0.00037492311683927105, 9.651509905693527e-05, 0.0006817586835932395, 0.0006771669988102685, 8.178968457013285e-05, 0.0006475373009505658, 0.00016669318038102404], [0.00019584117071576844, 0.00019254003494470652, 8.711669818137286e-05, 8.555781050452541e-05, 2.8400768667603004e-05, 0.0008405379816334282, 0.0008263697146241723, 0.00037389938687720423, 0.00036720873905937495, 0.0001218943120359056, 0.0002477505468147584, 0.0002435744167936744, 0.00011020772359687282, 0.00010823563941789152, 3.59286351365319e-05, 0.0003679118017983563, 0.0003617102109629181, 0.00016365946586966468, 0.00016073090303533302, 5.335434798907076e-05, 0.0006354279168827534, 0.0006247170238734515, 0.0002826595748420748, 0.00027760159471699173, 9.214937393586002e-05], [0.0001951468501954442, 0.00015691724995290407, 0.0002208846981226217, 0.00015907571869488635, 7.276221667721364e-05, 0.0008375580016495105, 0.0006734789629618081, 0.0009480232254287106, 0.0006827429749832526, 0.0003122908555004618, 0.0002468721907063551, 0.00019850950818162114, 0.0002794320752009585, 0.0002012400975115062, 9.204846408621958e-05, 0.0003666074350366358, 0.00029478841426660045, 0.0004149591578673937, 0.00029884336410725826, 0.0001366928013283197, 0.000633175118657201, 0.0005091350347637392, 0.0007166843574635163, 0.0005161384206777507, 0.00023608490289345836], [0.00017545804515238574, 0.0002168122249642086, 0.005632335443699317, 0.0001625037715551267, 0.005905528893139933, 0.0007530548892999378, 0.0009305444268884542, 0.02417362931617863, 0.0006974559621531517, 0.025346158410796626, 0.00022196469961181708, 0.0002742801582255968, 0.0071252340910781566, 0.0002055767850809809, 0.007470839799202495, 0.000329619585586117, 0.00040730851458329194, 0.010581037040631383, 0.00030528338435357045, 0.011094264641629952, 0.0005692926554922993, 0.0007034707766513025, 0.018274723160070405, 0.0005272611099467397, 0.019161128933941153], [0.00016074225008134394, 9.72934936675436e-05, 2.9255390712298046e-05, 0.0002279758216570928, 7.891274896562245e-05, 0.0006898956228293729, 0.0004175775527407899, 0.00012556229607563524, 0.0009784578814379323, 0.0003386885530671979, 0.00020334835728533107, 0.0001230819657049331, 3.7009782058393594e-05, 0.00028840276163412924, 9.98292475245838e-05, 0.00030197414893102235, 0.00018277783178918065, 5.495986094209883e-05, 0.00042828070831976716, 0.0001482473350761373, 0.0005215456624923608, 0.00031567929144550816, 9.492228784154128e-05, 0.0007396922767860924, 0.00025604097191336773], [4.24129595469336e-05, 0.00018203375358912427, 5.3654876966781594e-05, 7.967797736033827e-05, 0.00013761344683163986, 0.00018203375358912427, 0.0007812774161415888, 0.00023028335577048975, 0.00034197286518620844, 0.0005906282546347767, 5.3654876966781594e-05, 0.00023028335577048975, 6.787656068034532e-05, 0.00010079730624551625, 0.00017408906705875476, 7.967797736033827e-05, 0.00034197286518620844, 0.00010079730624551625, 0.0001496849110284163, 0.0002585238384271689, 0.00013761344683163986, 0.0005906282546347767, 0.00017408906705875476, 0.0002585238384271689, 0.0004465017520866148], [0.005210854200686823, 0.00018673340154048762, 0.00013809134887936625, 0.00514878298481573, 6.445152611195489e-05, 0.022364658342387645, 0.0008014480094289407, 0.000592679380152186, 0.02209825258962822, 0.0002766218945349414, 0.006592035642320611, 0.00023622868557796408, 0.00017469364112872876, 0.0065135119201772266, 8.153495395744599e-05, 0.009789232523868189, 0.0003508017336988129, 0.0002594216363867068, 0.009672624086594842, 0.00012108014374014301, 0.016907181558507567, 0.0006058767720782882, 0.00044805235710776995, 0.01670578476714243, 0.00020911996608043344], [6.986596720045029e-05, 0.005182507295180692, 0.00015244590468955932, 8.665683700614243e-05, 2.580419143546499e-05, 0.00029986033498933455, 0.022242995207651498,